filename,DSID_INTU,min_long,max_long,min_lat,max_lat,mid_lon,mid_lat,
US5NYCBI.000,5,-73.875,-73.8,40.5,40.575,-73.8375,40.5375
US5NY1BE.000,5,-73.95,-73.875,40.575,40.65,-73.9125,40.6125
US5NY1BF.000,5,-73.875,-73.8,40.575,40.65,-73.8375,40.6125
US5NYCBH.000,5,-73.95,-73.875,40.5,40.575,-73.9125,40.5375
US5NYCCG.000,5,-74.025,-73.95,40.575,40.65,-73.98750000000001,40.6125
US5NYCBG.000,5,-74.025,-73.95,40.5,40.575,-73.98750000000001,40.5375
US5NY1BG.000,5,-73.8,-73.725,40.575,40.65,-73.76249999999999,40.6125
US5NYCBF.000,5,-74.1,-74.025,40.5,40.575,-74.0625,40.5375
US5NYCEG.000,5,-74.025,-73.95,40.725,40.8,-73.98750000000001,40.7625
US5NYCCF.000,5,-74.1,-74.025,40.575,40.65,-74.0625,40.6125
US5NYCEF.000,5,-74.1,-74.025,40.725,40.8,-74.0625,40.7625
US5NYCDG.000,5,-74.025,-73.95,40.65,40.725,-73.98750000000001,40.6875
US5NYCDF.000,5,-74.1,-74.025,40.65,40.725,-74.0625,40.6875
NO4H1719.000,4,9.75,10.0,63.75,64.0,9.875,63.875
NO4S1717.000,4,8.5,8.625,63.875,64.0,8.5625,63.9375
NO4M1716.000,4,8.25,8.375,63.5,63.625,8.3125,63.5625
NO4D1816.000,4,8.0,8.5,64.0,64.5,8.25,64.25
NO4F1717.000,4,8.75,9.0,63.5,63.75,8.875,63.625
NO4E1818.000,4,9.0,9.25,64.0,64.25,9.125,64.125
NO4V1717.000,4,8.875,9.0,63.75,63.875,8.9375,63.8125
NO4D1822.000,4,11.0,11.5,64.0,64.5,11.25,64.25
NO4D1720.000,4,10.0,10.5,63.5,64.0,10.25,63.75
NO4Q1717.000,4,8.5,8.625,63.75,63.875,8.5625,63.8125
NO4I1717.000,4,8.5,8.625,63.5,63.625,8.5625,63.5625
NO4F1719.000,4,9.75,10.0,63.5,63.75,9.875,63.625
NO4G1616.000,4,8.0,8.25,63.25,63.5,8.125,63.375
NO4W1717.000,4,8.75,8.875,63.875,64.0,8.8125,63.9375
NO4F1820.000,4,10.25,10.5,64.0,64.25,10.375,64.125
NO4H1716.000,4,8.25,8.5,63.75,64.0,8.375,63.875
NO4G1718.000,4,9.0,9.25,63.75,64.0,9.125,63.875
NO4E1718.000,4,9.0,9.25,63.5,63.75,9.125,63.625
NO4F1818.000,4,9.25,9.5,64.0,64.25,9.375,64.125
NO4E1616.000,4,8.0,8.25,63.0,63.25,8.125,63.125
NO4O1716.000,4,8.25,8.375,63.625,63.75,8.3125,63.6875
NO4E1719.000,4,9.5,9.75,63.5,63.75,9.625,63.625
NO4X1717.000,4,8.875,9.0,63.875,64.0,8.9375,63.9375
NO4D1517.000,4,8.5,9.0,62.5,63.0,8.75,62.75
NO4N1716.000,4,8.375,8.5,63.5,63.625,8.4375,63.5625
NO4H1718.000,4,9.25,9.5,63.75,64.0,9.375,63.875
NO4D1819.000,4,9.5,10.0,64.0,64.5,9.75,64.25
NO4R1717.000,4,8.625,8.75,63.75,63.875,8.6875,63.8125
NO4D1621.000,4,10.5,11.0,63.0,63.5,10.75,63.25
NO4P1716.000,4,8.375,8.5,63.625,63.75,8.4375,63.6875
NO4G1716.000,4,8.1666666,8.25,63.75,63.9333333,8.2083333,63.84166665
NO4T1717.000,4,8.625,8.75,63.875,64.0,8.6875,63.9375
NO4D1722.000,4,11.0,11.5,63.5,64.0,11.25,63.75
NO4E1716.000,4,8.0,8.25,63.5,63.75,8.125,63.625
NO4H1616.000,4,8.25,8.5,63.25,63.5,8.375,63.375
NO4F1616.000,4,8.25,8.5,63.0,63.25,8.375,63.125
NO4D1620.000,4,10.0,10.5,63.0,63.5,10.25,63.25
NO4U1717.000,4,8.75,8.875,63.75,63.875,8.8125,63.8125
NO4D1516.000,4,8.0,8.5,62.5,63.0,8.25,62.75
NO4D1821.000,4,10.5,11.0,64.0,64.5,10.75,64.25
NO4K1717.000,4,8.5,8.625,63.625,63.75,8.5625,63.6875
NO4D1619.000,4,9.5,10.0,63.0,63.5,9.75,63.25
NO4D1721.000,4,10.5,11.0,63.5,64.0,10.75,63.75
NO4D1617.000,4,8.5,9.0,63.0,63.5,8.75,63.25
NO4L1717.000,4,8.625,8.75,63.625,63.75,8.6875,63.6875
NO4G1719.000,4,9.5,9.75,63.75,64.0,9.625,63.875
NO4J1717.000,4,8.625,8.75,63.5,63.625,8.6875,63.5625
NO4E1820.000,4,10.0,10.25,64.0,64.25,10.125,64.125
NO4D1817.000,4,8.5,9.0,64.0,64.25,8.75,64.125
NO4F1718.000,4,9.25,9.5,63.5,63.75,9.375,63.625
NO4D1618.000,4,9.0,9.5,63.0,63.5,9.25,63.25
NO4H1209.000,4,4.75,5.0,61.25,61.5,4.875,61.375
NO4G1210.000,4,5.0,5.25,61.25,61.5,5.125,61.375
NO4S1010.000,4,5.0,5.125,60.375,60.5,5.0625,60.4375
NO4D0913.000,4,6.5,7.0,59.5,60.0,6.75,59.75
NO4D1013.000,4,6.5,7.0,60.0,60.5,6.75,60.25
NO4Q1010.000,4,5.0,5.125,60.25,60.375,5.0625,60.3125
NO4N1109.000,4,4.875,5.0,60.5,60.625,4.9375,60.5625
NO4V1009.000,4,4.875,5.0,60.25,60.375,4.9375,60.3125
NO4F1108.000,4,4.25,4.5,60.5,60.75,4.375,60.625
NO4Q0910.000,4,5.0,5.125,59.75,59.875,5.0625,59.8125
NO4R0911.000,4,5.625,5.75,59.75,59.875,5.6875,59.8125
NO4E0810.000,4,5.0,5.25,59.0,59.25,5.125,59.125
NO4D0912.000,4,6.0,6.5,59.5,60.0,6.25,59.75
NO4G1009.000,4,4.5,4.75,60.25,60.5,4.625,60.375
NO4H0811.000,4,5.75,6.0,59.25,59.5,5.875,59.375
NO4H0911.000,4,5.75,6.0,59.75,60.0,5.875,59.875
NO4D0712.000,4,6.0,6.5,58.5,59.0,6.25,58.75
NO4H0809.000,4,4.75,5.0,59.25,59.5,4.875,59.375
NO4U1009.000,4,4.75,4.875,60.25,60.375,4.8125,60.3125
NO4L1010.000,4,5.125,5.25,60.125,60.25,5.1875,60.1875
NO4F1110.000,4,5.25,5.5,60.5,60.75,5.375,60.625
NO4P1010.000,4,5.375,5.5,60.125,60.25,5.4375,60.1875
NO4T0910.000,4,5.125,5.25,59.875,60.0,5.1875,59.9375
NO4U0810.000,4,5.25,5.375,59.25,59.375,5.3125,59.3125
NO4N1010.000,4,5.375,5.5,60.0,60.125,5.4375,60.0625
NO4S0810.000,4,5.0,5.125,59.375,59.5,5.0625,59.4375
NO4G0811.000,4,5.5,5.75,59.25,59.5,5.625,59.375
NO4J1109.000,4,4.625,4.75,60.5,60.625,4.6875,60.5625
NO4W0810.000,4,5.25,5.375,59.375,59.5,5.3125,59.4375
NO4F0711.000,4,5.75,6.0,58.5,58.75,5.875,58.625
NO4T0911.000,4,5.625,5.75,59.875,60.0,5.6875,59.9375
NO4G1014.000,4,7.0,7.25,60.25,60.5,7.125,60.375
NO4H1010.000,4,5.25,5.5,60.25,60.5,5.375,60.375
NO4D1012.000,4,6.0,6.5,60.0,60.5,6.25,60.25
NO4W0910.000,4,5.25,5.375,59.875,60.0,5.3125,59.9375
NO4V0810.000,4,5.375,5.5,59.25,59.375,5.4375,59.3125
NO4G1011.000,4,5.5,5.75,60.25,60.5,5.625,60.375
NO4D1114.000,4,7.0,7.5,60.5,61.0,7.25,60.75
NO4T1010.000,4,5.125,5.25,60.375,60.5,5.1875,60.4375
NO4K1010.000,4,5.0,5.125,60.125,60.25,5.0625,60.1875
NO4F1011.000,4,5.75,6.0,60.0,60.25,5.875,60.125
NO4P0910.000,4,5.375,5.5,59.625,59.75,5.4375,59.6875
NO4X1009.000,4,4.875,5.0,60.375,60.5,4.9375,60.4375
NO4H0909.000,4,4.75,5.0,59.75,60.0,4.875,59.875
NO4E0811.000,4,5.5,5.75,59.0,59.25,5.625,59.125
NO4E0711.000,4,5.5,5.75,58.5,58.75,5.625,58.625
NO4D0813.000,4,6.5,7.0,59.0,59.5,6.75,59.25
NO4V0910.000,4,5.375,5.5,59.75,59.875,5.4375,59.8125
NO4R0910.000,4,5.125,5.25,59.75,59.875,5.1875,59.8125
NO4T0810.000,4,5.125,5.25,59.375,59.5,5.1875,59.4375
NO4D1111.000,4,5.5,6.0,60.5,61.0,5.75,60.75
NO4M1109.000,4,4.75,4.875,60.5,60.625,4.8125,60.5625
NO4F0911.000,4,5.75,6.0,59.5,59.75,5.875,59.625
NO4U0910.000,4,5.25,5.375,59.75,59.875,5.3125,59.8125
NO4D1113.000,4,6.5,7.0,60.5,61.0,6.75,60.75
NO4S0910.000,4,5.0,5.125,59.875,60.0,5.0625,59.9375
NO4J1010.000,4,5.125,5.25,60.0,60.125,5.1875,60.0625
NO4H1011.000,4,5.75,6.0,60.25,60.5,5.875,60.375
NO4E0911.000,4,5.5,5.75,59.5,59.75,5.625,59.625
NO4F0811.000,4,5.75,6.0,59.0,59.25,5.875,59.125
NO4E1011.000,4,5.5,5.75,60.0,60.25,5.625,60.125
NO4I1010.000,4,5.0,5.125,60.0,60.125,5.0625,60.0625
NO4M0910.000,4,5.25,5.375,59.5,59.625,5.3125,59.5625
NO4N0910.000,4,5.375,5.5,59.5,59.625,5.4375,59.5625
NO4M1010.000,4,5.25,5.375,60.0,60.125,5.3125,60.0625
NO4I1110.000,4,5.0,5.125,60.5,60.625,5.0625,60.5625
NO4D0812.000,4,6.0,6.5,59.0,59.5,6.25,59.25
NO4H0711.000,4,5.75,6.0,58.75,59.0,5.875,58.875
NO4Q0911.000,4,5.5,5.625,59.75,59.875,5.5625,59.8125
NO4G0711.000,4,5.5,5.75,58.75,59.0,5.625,58.875
NO4Q0810.000,4,5.0,5.125,59.25,59.375,5.0625,59.3125
NO4F0809.000,4,4.75,5.0,59.0,59.25,4.875,59.125
NO4F0810.000,4,5.2499998,5.5,58.9999999,59.25,5.374999900000001,59.12499995
NO4J1110.000,4,5.125,5.25,60.5,60.625,5.1875,60.5625
NO4K0910.000,4,5.0,5.125,59.625,59.75,5.0625,59.6875
NO4J0910.000,4,5.125,5.25,59.5,59.625,5.1875,59.5625
NO4R1010.000,4,5.125,5.25,60.25,60.375,5.1875,60.3125
NO4S0911.000,4,5.5,5.625,59.875,60.0,5.5625,59.9375
NO4O0910.000,4,5.25,5.375,59.625,59.75,5.3125,59.6875
NO4R0810.000,4,5.125,5.25,59.25,59.375,5.1875,59.3125
NO4F1009.000,4,4.75,5.0,60.0,60.25,4.875,60.125
NO4X0810.000,4,5.375,5.5,59.375,59.5,5.4375,59.4375
NO4X0910.000,4,5.375,5.5,59.875,60.0,5.4375,59.9375
NO4I0910.000,4,5.0,5.125,59.5,59.625,5.0625,59.5625
NO4O1010.000,4,5.25,5.375,60.125,60.25,5.3125,60.1875
NO4F0909.000,4,4.75,5.0,59.5,59.75,4.875,59.625
NO4L0910.000,4,5.125,5.25,59.625,59.75,5.1875,59.6875
NO4D0710.000,4,5.1566667,5.5,58.5,59.0,5.328333349999999,58.75
NO4W1009.000,4,4.75,4.875,60.375,60.5,4.8125,60.4375
NO4I1109.000,4,4.5,4.625,60.5,60.625,4.5625,60.5625
NO4F1615.000,4,7.75,8.0,63.0,63.25,7.875,63.125
NO4W1615.000,4,7.75,7.875,63.375,63.5,7.8125,63.4375
NO4X1615.000,4,7.875,8.0,63.375,63.5,7.9375,63.4375
NO4E1615.000,4,7.5,7.75,63.0,63.25,7.625,63.125
NO4G1615.000,4,7.5,7.75,63.25,63.5,7.625,63.375
NO4V1615.000,4,7.875,8.0,63.25,63.375,7.9375,63.3125
NO4U1615.000,4,7.75,7.875,63.25,63.375,7.8125,63.3125
NO4D1515.000,4,7.5,8.0,62.5,63.0,7.75,62.75
NO4D1715.000,4,7.6292133,8.0,63.5,63.6678217,7.81460665,63.583910849999995
NO4D0921.000,4,10.5,10.8333333,59.5,59.9333333,10.66666665,59.71666665
NO4E0822.000,4,11.0,11.25,59.0,59.25,11.125,59.125
NO4G0821.000,4,10.5,10.75,59.25,59.5,10.625,59.375
NO4E0821.000,4,10.5,10.75,59.0,59.25,10.625,59.125
NO4M0820.000,4,10.25,10.375,59.0,59.125,10.3125,59.0625
NO4H0820.000,4,10.25,10.5,59.25,59.5,10.375,59.375
NO4G0822.000,4,11.0,11.25,59.25,59.2833333,11.125,59.266666650000005
NO4G0720.000,4,10.0,10.25,58.75,59.0,10.125,58.875
NO4N0820.000,4,10.375,10.5,59.0,59.125,10.4375,59.0625
NO4E0820.000,4,10.0,10.25,59.0,59.25,10.125,59.125
NO4H0821.000,4,10.75,10.8402083,59.25,59.5,10.79510415,59.375
NO4F0819.000,4,9.75,10.0,59.0,59.25,9.875,59.125
NO4D0721.000,4,10.5,11.0,58.8833333,59.0,10.75,58.94166665
NO4D0722.000,4,11.0,11.4820383,58.898,59.0,11.24101915,58.949
NO4D0920.000,4,10.0,10.5,59.5,60.0,10.25,59.75
NO4F0821.000,4,10.75,11.0,59.0,59.25,10.875,59.125
NO4H0720.000,4,10.25,10.5,58.8857836,59.0,10.375,58.9428918
NO4H0719.000,4,9.75,10.0,58.75,59.0,9.875,58.875
NO4F0822.000,4,11.25,11.5,59.0,59.25,11.375,59.125
NO4P0820.000,4,10.375,10.5,59.125,59.25,10.4375,59.1875
NO4O0820.000,4,10.25,10.375,59.125,59.25,10.3125,59.1875
